63023
62920
62919
62920
62916
62915
62890
62870
62870
62870
62870
62870
62870
62870
62785
62785
62783
62782
62782
62782
62782
62782
62782
62782
62429
62429
62429
62429
62430
62430
62430
62429
62429
62429
62133
62132
62132
62132
62132
62133
62132
62132
62033
61836
61836
61836
61836
61835
61836
61836
61835
61835
61807
61541
61541
61541
61541
61541
61540
61541
61541
61541
61541
61541
61541
61244
61245
61245
61245
61245
61245
61245
61245
61244
61245
61245
61245
61245
61245
60951
60950
60950
60950
60950
60950
60950
60950
60950
60950
60950
60653
60654
60657
60656
60657
60657
60657
60657
60656
60656
60656
60656
60657
60657
60362
60362
60363
60362
60362
60362
60362
60362
60362
60362
60362
60362
60362
60362
60362
60066
60066
60066
60066
60065
60066
60066
60066
60066
60065
60066
60066
60066
60066
60066
60066
60067
59775
59775
59775
59775
59775
59775
59775
59774
59774
59775
59775
59775
59775
59775
59775
59775
59775
59775
59775
59775
59774
59776
59775
59775
59483
59484
59483
59483
59483
59483
59483
59483
59189
59188
59188
59188
59188
59188
58892
58892
58892
58892
58891
58891
58891
58786
58595
58595
58595
58595
58595
58594
58594
58594
58594
58595
58595
58301
58301
58301
58300
58300
58300
58300
58300
58300
58300
58300
58004
58005
58005
58004
58004
58004
58004
58004
58004
58003
58003
58003
58003
58003
58004
58003
58003
58003
58003
58004
57709
57709
57709
57709
57709
57708
57708
57708
57709
57708
57708
57709
57709
57709
57709
57709
57709
57709
57709
57710
57710
57709
57709
57709
57710
57709
57709
57709
57709
57709
57413
57412
57412
57413
57413
57412
57413
57413
57413
57413
57413
57413
57413
57412
57412
57413
57413
57413
57413
57412
57412
57118
57118
57118
57118
57118
57118
57118
57118
57118
57118
57118
57119
57119
57119
57119
57119
57118
57118
57118
57117
57117
57118
57117
57118
57117
57118
57118
57118
56821
56822
56821
56821
56821
56821
56821
56821
56820
56821
56821
56820
56821
56821
56821
56821
56821
56820
56821
56820
56820
56526
56527
56527
56527
56527
56527
56527
56527
56527
56527
56230
56231
56230
56230
56230
56230
56230
56230
56230
56230
56230
56231
55936
55936
55936
55935
55935
55935
55936
55935
55936
55935
55935
55935
55936
55935
55936
55936
55936
55936
55936
55936
55936
55936
55645
55644
55645
55645
55644
55645
55645
55645
55645
55645
55645
55645
55644
55644
55645
55645
55645
55351
55351
55351
55350
55350
55350
55350
55350
55350
55350
55350
55350
55350
55350
55349
55351
55351
55057
55057
55056
55056
55056
55057
55056
55056
55056
55056
54759
54759
54759
54759
54759
54759
54760
54760
54760
54760
54760
54760
54760
54760
54760
54760
54760
54760
54760
54760
54759
54760
54672
54465
54465
54465
54465
54465
54464
54464
54464
54169
54169
54168
54168
54168
54168
54168
54168
54168
54168
54168
54168
54168
54168
54168
54168
54168
54168
54168
54168
54168
53858
53858
53857
53857
53857
53858
53858
53858
53858
53857
53858
53857
53857
53857
53858
53857
53858
53858
53858
53858
53858
53858
53857
53561
53561
53561
53561
53561
53561
53561
53561
53561
53560
53561
53561
53561
53561
53265
53265
53265
53265
53265
53264
53265
53264
53265
53265
53265
53265
53265
53265
53265
53265
53265
53265
52971
52971
52970
52970
52970
52970
52970
52970
52969
52970
52970
52971
52970
52971
52970
52970
52970
52970
52955
52674
52674
52674
52674
52674
52674
52673
52673
52674
52673
52673
52672
52672
52672
52672
52673
52673
52673
52673
52673
52674
52673
52378
52378
52378
52378
52378
52378
52378
52378
52379
52378
52378
52378
52379
52378
52378
52379
52379
52378
52378
52378
52082
52082
52081
52082
52082
52082
52082
52082
52081
52081
52081
52081
52081
52081
52081
52081
52082
52081
52082
52082
52082
52082
52082
52082
52081
52081
51789
51790
51789
51790
51789
51790
51790
51790
51790
51790
51790
51790
51790
51790
51789
51790
51789
51790
51497
51497
51497
51497
51497
51497
51497
51497
51498
51498
51497
51498
51497
51497
51497
51497
51497
51203
51203
51203
51203
51203
51203
51203
51203
51203
51203
51203
51203
50999
50999
50999
51042
51042
51042
51028
51028
51028
51028
51028
51028
51028
51028
51029
51029
51028
51028
51028
51028
51028
51028
51028
51028
51028
51028
51028
51027
51027
51027
51027
51023
51019
51020
51019
51019
51019
51019
51019
51019
51020
51019
51020
51020
51020
51019
51020
51020
51020
51020
51020
51020
51020
51020
51020
51019
51020
51020
51019
51019
51019
51019
51020
51019
51019
51019
51019
51017
51017
51017
51014
51013
51013
51013
51012
51011
51011
51011
51012
51012
51011
51011
51012
51012
51011
51011
51012
51012
51012
51011
51011
51011
51012
51012
51012
51012
51012
51012
51011
51012
51012
51012
51012
51011
51011
51012
51010
51006
51006
51006
48402
39191
33865
28540
27495
38895
57877
56880
56880
56880
56880
56880
56879
56879
56879
56879
56879
56879
56879
56879
56879
56879
56879
56879
56879
56879
56879
56879
56879
56879
59516
58957
58397
57850
57307
54841
56395
55886
55386
54882
54582
52019
51442
49545
48414
48414
47402
47402
47401
46764
46763
46763
49156
47755
46401
44972
43591
42164
40716
37810
35344
35343
35342
35341
35341
35341
35342
35342
35341
33516
32765
32764
32763
32763
32762
28928
27438
26102
25691
25387
25077
24675
24290
23835
23424
23183
22408
22119
21832
20997
20753
24529
22994
22994
22994
22993
20688
18283
16047
13827
11611
9400
7241
5799
4954
7531
7531
7531
7531
7531
7530
7530
7530
6358
4969
4960
4953
7532
7531
7531
7531
7530
7530
10109
10108
10108
10108
10108
10108
10108
10108
10107
10106
10105
10105
10105
10104
10105
10105
10104
10104
10104
10105
10105
10105
10105
10105
10105
10105
10104
10105
10104
10104
10105
10105
10104
10104
10105
10105
10105
10104
10104
10104
10104
10104
10104
10105
10105
10104
10104
10105
10105
10105
10104
10104
10104
10104
10104
10104
10104
10104
10104
10103
10103
10104
10103
10104
10104
10104
10104
10104
10104
10104
10104
10104
10104
10104
10104
10104
10104
10105
10104
10104
10104
10104
10103
10103
10104
10104
10103
10104
10104
10103
10104
10104
10104
10104
10104
10104
10104
10104
10104
10104
10104
10103
10103
10104
10104
10104
10104
10104
10104
10104
10104
10104
10104
10104
10104
10104
10103
10103
10104
10104
10104
10104
10104
10104
10104
10104
10104
10104
10104
10104
10104
10104
10104
10104
10104
10104
10105
10105
10104
10105
10104
10104
10104
10105
10104
10104
10104
10104
10104
10104
10104
10104
10104
10104
10104
10104
10104
10104
10104
10105
10105
10105
10105
10105
10105
10104
10105
10104
10104
10105
10105
10104
10104
10105
10104
10104
10104
10104
10104
10104
10104
10104
10104
10104
10104
10104
10104
10104
10105
10104
10104
10104
10104
10104
10104
10105
10105
10104
10105
10105
10105
10104
10104
10104
10104
10104
10104
10104
10104
10103
10104
10104
10103
10104
10103
10103
10103
10104
10103
10103
10104
10104
10104
10104
10104
10104
10104
10104
10103
10104
10104
10104
10104
10104
10104
10104
10104
10104
10104
10104
10104
10104
10104
10104
10104
10104
10104
10104
10104
10104
10104
10104
10104
10104
10104
10104
10103
10103
10104
10104
10103
10104
10103
10103
10103
10103
10103
10103
10103
10103
10103
10103
10103
10103
10103
10104
10104
10104
10105
10105
10104
10105
10104
10104
10104
10105
10104
10104
10104
10104
10104
10104
10104
10104
10104
10104
10104
10104
10104
10104
10104
10104
10104
10104
10104
10105
10104
10104
10104
10104
10105
10104
10104
10104
10104
10104
10104
10104
10104
10104
10104
10103
10103
10104
10104
10104
10104
10104
10104
10104
10104
10104
10104
10104
10104
10104
10105
10105
10104
10104
10104
10104
10104
10103
10103
10104
10104
10104
10104
10104
10103
10104
10103
10104
10104
10104
10104
10104
10104
10104
10104
10104
10104
10104
10104
10104
10103
10104
10103
10104
10104
10104
10104
10104
10104
10104
10104
10104
10104
10104
10104
10104
10105
10105
10105
10105
10105
10105
10104
10105
10104
10104
10104
10104
10104
10104
10104
10104
10103
10104
10103
10103
10104
10104
10104
10104
10104
10104
10104
10104
10103
10104
10104
10104
10104
10104
10104
10104
10104
10104
10104
10104
10104
10104
10104
10104
10104
10104
10104
10104
10104
10104
10104
10104
10104
10104
10103
10103
10103
10103
10104
10104
10104
10104
10104
10104
10104
10104
10104
10104
10104
10104
10104
10104
10104
10104
10104
10104
10104
10104
10104
10104
10104
10104
10104
10104
10104
10104
10104
10104
10104
10104
10104
10104
10104
10104
10104
10104
10104
10104
10104
10104
10104
10104
10104
10104
10104
10104
10104
10104
10104
10104
10105
10105
10105
10104
10105
10104
10104
10104
10104
10103
10103
10104
10104
10104
10104
10104
10104
10104
10104
10104
10104
10104
10104
10104
10103
10104
10104
10104
10104
10104
10103
10104
10104
10104
10104
10103
10103
10103
10103
10103
10103
10103
10103
10103
10103
10104
10104
10104
10104
10104
10104
10104
10104
10104
10104
10104
10104
10104
10104
10104
10105
10104
10105
10105
10104
10104
10105
10104
10104
10104
10104
10104
10104
10104
10104
10104
10104
10104
10104
10104
10104
10104
10104
10104
10104
10104
10104
10103
10103
10103
10104
10103
10103
10103
10103
10103
10103
10103
10103
10103
10103
10103
10103
10103
10103
10103
10103
10103
10103
10104
10104
10104
10104
10104
10104
10105
10104
10104
10104
10104
10104
10104
10105
10105
10104
10104
10104
10104
10105
10104
10105
10104
10105
10104
10105
10105
10105
10105
10104
10104
10104
10104
10104
10104
10104
10104
10104
10104
10104
10104
10104
10104
10104
10104
10104
10104
10105
10105
10104
10105
10105
10105
10105
10105
10105
10105
10104
10105
10105
10105
10105
10105
10105
10105
10105
10105
10105
10104
10104
10104
10104
10104
10104
10104
10104
10104
10105
10104
10104
10104
10105
10105
10104
10105
10104
10104
10104
10105
10104
10104
10104
10103
10104
10103
10103
10103
10103
10104
10103
10103
10103
10103
10103
10103
10103
10103
10103
10103
10103
10103
10103
10103
10103
10103
10103
10104
10104
10104
10104
10103
10103
10103
10103
10103
10103
10103
10103
10103
10103
10103
10104
10104
10104
10104
10104
10103
10103
10103
10103
10103
10104
10104
10104
10104
10104
10103
10103
10104
10104
10103
10103
10104
10103
10103
10103
10103
10103
10103
10104
10104
10104
10104
10104
10104
10104
10104
10104
10104
10104
10104
10104
10104
10104
10104
10104
10104
10104
10104
10104
10104
10104
10104
10104
10103
10104
10104
10103
10103
10104
10104
10104
10104
10104
10103
10103
10103
10103
10103
10103
10103
10103
10103
10103
10103
10103
10103
10103
10103
10103
10103
10103
10103
10104
10104
10103
10103
10103
10103
10103
10104
10104
10104
10104
10104
10104
10104
10104
10104
10104
10104
10104
10104
10104
10104
10104
10104
10104
10104
10105
10104
10104
10104
10104
10104
10104
10104
10104
10104
10104
10104
10104
10104
10104
10104
10104
10104
10103
10103
10103
10103
10104
10104
10104
10103
10104
10103
10103
10103
10103
10103
10103
10103
10104
10104
10104
10104
10104
10104
10104
10103
10104
10103
10103
10103
10103
10103
10104
10104
10104
10104
10104
10104
10104
10104
10104
10104
10104
10104
10104
10104
10104
10104
10104
10104
10104
10104
10104
10104
10104
10104
10104
10104
10104
10104
10104
10105
10104
10104
10104
10104
10104
10103
10103
10103
10103
10103
10104
10103
10103
10103
10104
10104
10104
10103
10104
10104
10104
10104
10104
10104
10104
10104
10104
10104
10104
10104
10104
10104
10103
10103
10103
10103
10103
10103
10103
10102
10103
10103
10103
10103
10103
10103
10104
10104
10104
10104
10104
10104
10104
10104
10104
10103
10103
10104
10104
10104
10103
10104
10104
10104
10104
10103
10103
10103
10103
10103
10104
10104
10103
10103
10104
10104
10104
10104
10104
10104
10104
10104
10104
10104
10103
10103
10103
10103
10104
10104
10103
10104
10103
10103
10103
10103
10104
10104
10104
10104
10104
10104
10104
10104
10104
10104
10104
10104
10104
10104
10104
10104
10104
10104
10104
10103
10104
10104
10104
10104
10104
10104
10104
10103
10103
10103
10103
10103
10104
10103
10103
10103
10103
10103
10103
10104
10104
10104
10104
10104
10104
10104
10104
10104
10105
10105
10104
10104
10104
10104
10104
10104
10104
10104
10104
10104
10104
10104
10104
10104
10104
10104
10103
10104
10103
10103
10103
10103
10103
10104
10104
10104
10104
10104
10104
10104
10104
10104
10104
10104
10104
10104
10104
10104
10104
10104
10103
10104
10104
10104
10104
10104
10104
10104
10104
10104
10104
10105
10105
10105
10105
10105
10104
10104
10104
10104
10104
10104
10104
10104
10104
10104
10104
10104
10104
10104
10104
10104
10104
10104
10104
10104
10104
10104
10104
10104
10105
10104
10104
10104
10104
10104
10104
10104
10105
10104
10105
10105
10105
10104
10104
10104
10104
10104
10104
10104
10103
10103
10104
10104
10104
10104
10104
10103
10104
10104
10104
10104
10104
10104
10104
10104
10104
10104
10104
10104
10104
10104
10104
10104
10104
10104
10104
10104
10104
10104
10104
10103
10103
10103
10103
10103
10103
10104
10104
10103
10104
10103
10103
10103
10103
10103
10103
10103
10103
10103
10103
10103
10103
10103
10103
10103
10103
10103
10103
10103
10103
10103
10103
10103
10103
10103
10103
10104
10104
10104
10104
10104
10104
10103
10103
10103
10103
10103
10103
10103
10104
10104
10104
10103
10103
10103
10103
10104
10104
10104
21046
45493
44179
43052
44678
43264
41819
40508
39112
37684
36251
32537
31305
31305
31305
31305
31305
31304
31304
31305
30418
26706
26706
26706
26706
26704
26704
26704
26704
26704
24608
21585
20751
20385
19974
19911
19017
18505
17479
17113
16803
16999
16129
15840
15869
14932
14037
13974
13830
13780
12882
12021
16904
14627
12892
12891
12891
12891
12891
12891
12891
11195
8960
6724
4616
2501
332
369
113
130
297
54
92
79
97
52
79
91
24
370
88
120
116
42
311
232
96
73
10
130
127
127
4727
4726
4727
4727
4727
4726
4726
4726
4725
4726
4726
4725
4722
813
118
117
116
115
113
113
2991
4714
4714
4714
4700
4699
4699
4697
4697
4697
9298
9298
9298
9297
9297
9298
9297
9297
9298
9298
9298
9297
9298
9297
9295
9293
9293
9292
9292
9291
9291
9291
9291
9291
9291
9291
9291
9290
9288
9288
9288
9288
9288
9288
9288
9288
9288
9287
9287
9287
9287
9287
9286
9286
9287
9287
9286
9286
9286
9286
9286
9286
9286
9284
9284
9284
9284
9284
9284
9284
9284
9284
9284
9284
9284
9285
9285
9285
9285
9285
9285
9285
9284
9284
9284
9284
9284
9284
9284
9284
9284
9284
9284
9284
9284
9284
9284
9284
9284
9283
9283
9283
9283
9283
9283
9283
9283
9282
9283
9283
9283
9283
9283
9283
9283
9283
9283
9283
9284
9284
9283
9283
9283
9283
9283
9283
9283
9283
9283
9283
9284
9284
9283
9283
9283
9283
9283
9283
9283
9283
9283
9282
9283
9282
9282
9281
9281
9281
9281
9281
9281
9281
9281
9280
9280
9280
9280
9280
9280
9280
9281
9280
9280
9280
9280
9280
9280
9280
9280
9280
9280
9280
9280
9280
9280
9279
9280
9279
9280
9280
9280
9279
9279
9280
9280
9280
9280
9280
9280
9280
9280
9280
9280
9280
9280
9280
9280
9280
9280
9280
9280
9280
9280
9280
9279
9279
9279
9279
9279
9279
9279
9279
9279
9279
9279
9279
9279
9279
9279
9279
9279
9280
9280
9279
9279
9280
9280
9280
9280
9280
9280
9279
9280
9280
9280
9279
9280
9279
9280
9280
9280
9280
9280
9279
9279
9279
9280
9280
9280
9280
9281
9280
9280
9280
9280
9280
9280
9280
9280
9280
9280
9280
9280
9280
9280
9280
9280
9280
9279
9280
9279
9279
9279
9279
9279
9279
9277
9277
9277
9277
9277
9276
9277
9276
9276
9276
9276
9276
9276
9277
9277
9277
9276
9276
9276
9276
9276
9276
9276
9276
9276
9276
9277
9277
9277
9277
9277
9277
9277
9276
9277
9277
9277
9277
9277
9277
9277
9277
9277
9277
9277
9278
9278
9277
9278
9278
9277
9277
9277
9277
9277
9276
9276
9276
9276
9277
9276
9276
9276
9277
9276
9277
9276
9276
9276
9277
9277
9277
9277
9278
9276
9276
9276
9276
9275
9275
9275
9275
9275
9275
9274
9274
9274
9274
9274
9274
9274
9274
9274
9274
9274
9274
9274
9275
9275
9275
9275
9275
9275
9275
9274
9275
9275
9275
9275
9274
9274
9274
9274
9274
9274
9274
9274
9274
9274
9275
9274
9274
9274
9274
9274
9274
9274
9274
9274
9274
9274
9275
9275
9275
9275
9275
9275
9275
9274
9274
9274
9274
9274
9274
9273
9274
9274
9274
9274
9274
9274
9274
9274
9274
9274
9274
9274
9274
9274
9274
9275
9275
9275
9275
9275
9275
9275
9275
9275
9275
9274
9275
9275
9274
9275
9274
9275
9275
9275
9275
9275
9275
9275
9275
9274
9275
9275
9275
9275
9275
9275
9275
9275
9274
9274
9274
9274
9274
9274
9273
9273
9274
9274
9274
9274
9274
9273
9274
9274
9275
9274
9274
9274
9275
9275
9275
9275
9274
9274
9274
9274
9275
9275
9275
9275
9274
9274
9272
9273
9272
9272
9272
9272
9272
9272
9273
9273
9272
9272
9271
9272
9272
9272
9272
9272
9272
9271
9272
9272
9272
9272
9272
9272
9271
9271
9271
9271
9271
9271
9271
9271
9271
9271
9272
9272
9272
9272
9273
9273
9272
9272
9272
9272
9272
9272
9272
9272
9271
9272
9272
9272
9272
9272
9272
9272
9272
9272
9272
9272
9272
9273
9272
9273
9273
9273
9273
9273
9273
9272
9272
9272
9272
9272
9272
9273
9272
9272
9272
9272
9272
9272
9272
9272
9272
9272
9272
9272
9272
9272
9272
9272
9272
9272
9272
9272
9272
9272
9272
9272
9272
9272
9272
9272
9272
9272
9272
9272
9271
9272
9271
9272
9272
9272
9272
9272
9272
9273
9272
9272
9272
9272
9272
9272
9272
9272
9272
9272
9272
9271
9272
9272
9272
9272
9272
9272
9272
9272
9272
9273
9272
9273
9272
9273
9273
9273
9273
9274
9273
9273
9273
9273
9273
9273
9274
9274
9274
9274
9274
9274
9274
9273
9273
9273
9272
9272
9272
9272
9273
9273
9273
9273
9273
9273
9273
9273
9273
9273
9273
9273
9273
9273
9272
9273
9273
9272
9272
9272
9272
9273
9273
9273
9273
9273
9273
9273
9273
9273
9273
9272
9272
9272
9272
9272
9271
9271
9271
9271
9271
9271
9272
9272
9272
9272
9272
9272
9272
9273
9273
9273
9273
9273
9273
9273
9274
9273
9273
9273
9273
9273
9273
9273
9273
9273
9273
9273
9273
9273
9273
9273
9273
9273
9273
9273
9273
9273
9273
9273
9273
9273
9272
9273
9272
9272
9272
9272
9272
9272
9272
9272
9271
9272
9272
9272
9272
9272
9272
9272
9272
9272
9272
9272
9272
9272
9272
9273
9272
9272
9272
9272
9272
9272
9272
9272
9272
9272
9272
9272
9272
9272
9272
9272
9272
9272
9273
9273
9273
9273
9272
9272
9272
9272
9272
9272
9272
9272
9272
9272
9271
9272
9272
9272
9271
9272
9272
9272
9272
9272
9272
9272
9272
9273
9273
9273
9273
9273
9273
9273
9273
9272
9272
9272
9272
9272
9272
9271
9272
9271
9272
9272
9272
9272
9272
9272
9273
9272
9272
9273
9273
9273
9272
9273
9272
21580
62541
61694
61192
60677
60161
59646
59140
58628
58139
57296
56341
55365
53956
52523
51407
50902
50398
49904
49253
48308
47352
46402
45465
44505
43546
42583
39155
37736
37735
37734
37733
37733
37732
37732
37732
36936
33132
33131
33131
33131
33130
33130
33130
33130
33129
30979
28010
27168
26796
26367
26138
25445
24931
24419
23905
22961
23087
22209
21742
21361
20955
20549
20154
19981
19802
18804
22177
19896
19317
19317
19317
19317
19317
19317
18920
15610
12304
8997
5689
2763
531
338
190
10
84
97
231
28
17
186
186
4786
4786
4786
4786
4785
4783
4784
4784
4783
4781
4781
4780
4780
3040
184
183
183
182
180
179
4780
4780
4780
4779
4779
4779
4779
4778
4777
4777
9378
9378
9378
9378
9378
9378
9378
9378
9378
9378
9378
9377
9377
9377
9372
9371
9371
9371
9370
9371
9371
9372
9371
9371
9370
9370
9370
9370
9370
9370
9369
9369
9370
9370
9370
9370
9370
9370
9370
9370
9370
9370
9371
9370
9369
9370
9369
9369
9367
9367
9366
9366
9366
9366
9366
9366
9366
9365
9365
9365
9365
9364
9365
9365
9365
9365
9365
9365
9365
9365
9364
9365
9365
9365
9365
9366
9365
9364
9365
9364
9364
9364
9364
9364
9364
9364
9361
9361
9361
9360
9360
9360
9360
9361
9360
9360
9360
9359
9358
9358
9358
9359
9358
9358
9358
9358
9358
9358
9358
9358
9358
9358
9358
9358
9358
9358
9358
9358
9358
9359
9359
9359
9359
9358
9358
9359
9358
9358
9358
9358
9358
9358
9357
9357
9358
9358
9358
9358
9358
9358
9358
9358
9357
9358
9358
9358
9357
9357
9357
9357
9357
9356
9357
9356
9357
9357
9356
9356
9357
9357
9357
9357
9357
9357
9357
9356
9356
9356
9356
9356
9356
9355
9356
9356
9355
9356
9356
9356
9356
9355
9356
9356
9356
9356
9355
9356
9356
9356
9356
9355
9355
9355
9355
9355
9355
9355
9354
9354
9354
9354
9354
9355
9355
9355
9354
9355
9355
9354
9355
9355
9354
9355
9355
9355
9355
9355
9355
9356
9356
9355
9355
9355
9355
9355
9356
9356
9356
9356
9355
9356
9355
9355
9355
9355
9355
9355
9355
9355
9355
9355
9355
9355
9355
9355
9355
9355
9355
9355
9355
9355
9355
9355
9355
9355
9354
9354
9354
9354
9354
9354
9354
9354
9354
9354
9354
9354
9354
9354
9353
9354
9354
9354
9354
9354
9354
9351
9351
9352
9352
9351
9352
9352
9352
9352
9352
9352
9352
9351
9351
9351
9351
9351
9351
9351
9351
9351
9351
9351
9351
9351
9351
9351
9351
9351
9351
9350
9351
9350
9351
9350
9350
9350
9350
9350
9350
9351
9351
9350
9350
9351
9351
9351
9351
9351
9350
9350
9350
9350
9351
9351
9351
9351
9351
9351
9351
9351
9351
9351
9351
9350
9350
9350
9350
9351
9350
9351
9351
9351
9351
9350
9350
9351
9350
9350
9350
9350
9351
9351
9350
9350
9350
9350
9350
9350
9350
9350
9350
9350
9350
9350
9350
9350
9350
9350
9350
9350
9350
9351
9351
9350
9350
9350
9350
9350
9350
9351
9351
9351
9351
9351
9351
9352
9351
9351
9351
9351
9351
9352
9351
9351
9351
9351
9351
9351
9351
9351
9351
9351
9351
9351
9351
9351
9351
9351
9351
9351
9351
9351
9351
9351
9350
9350
9350
9350
9350
9351
9351
9351
9351
9351
9351
9352
9351
9351
9351
9351
9352
9351
9351
9351
9351
9351
9351
9352
9351
9351
9351
9351
9351
9351
9352
9352
9351
9352
9352
9352
9352
9352
9352
9352
9351
9351
9352
9351
9351
9351
9351
9350
9349
9349
9349
9349
9349
9348
9348
9348
9348
9348
9348
9348
9348
9348
9348
9348
9348
9348
9348
9348
9348
9348
9348
9348
9348
9349
9349
9349
9349
9348
9348
9348
9348
9348
9348
9348
9349
9348
9348
9348
9348
9348
9348
9348
9348
9348
9349
9349
9349
9349
9348
9348
9348
9348
9348
9348
9348
9348
9348
9348
9348
9349
9348
9348
9348
9348
9348
9348
9348
9348
9348
9348
9347
9347
9348
9348
9347
9348
9349
9349
9348
9348
9348
9349
9349
9349
9348
9348
9348
9348
9348
9348
9348
9348
9348
9348
9348
9349
9348
9348
9348
9348
9348
9348
9348
9348
9348
9348
9348
9348
9348
9348
9348
9348
9348
9348
9348
9348
9348
9348
9348
9348
9347
9348
9348
9348
9348
9348
9349
9348
9348
9348
9348
9349
9348
9348
9348
9348
9348
9348
9349
9349
9349
9349
9349
9349
9349
9349
9349
9348
9349
9349
9349
9349
9349
9349
9349
9349
9349
9349
9349
9349
9349
9349
9349
9349
9348
9348
9349
9348
9348
9348
9348
9348
9348
9348
9348
9348
9348
9348
9348
9348
9348
9348
9349
9349
9349
9348
9348
9348
9349
9348
9348
9348
9348
9348
9348
9348
9348
9348
9348
9348
9348
9349
9349
9348
9348
9349
9349
9349
9349
9349
9349
9349
9348
9349
9349
9349
9349
9349
9349
9348
9348
9348
9349
9349
9349
9348
9348
9348
9348
9349
9349
9349
9349
9348
9348
9348
9348
9348
9348
9348
9348
9348
9348
9349
9348
9349
9348
9348
9347
9347
9347
9347
9347
9347
9347
9347
9347
9347
9347
9347
9347
9347
9347
9347
9347
9347
9347
9347
9347
9347
9347
9347
9347
9347
9347
9347
9347
9347
9347
9347
9347
9348
9348
9347
9347
9347
9347
9347
9347
9347
9347
9347
9347
9347
9347
9346
9347
9347
9346
9347
9347
9347
9347
9347
9347
9347
9347
9348
9347
9347
9347
9347
9347
9347
9347
9347
9347
9347
9347
9347
9347
9347
9347
9348
9347
9347
9347
9347
9347
9347
9347
9347
9347
9347
9347
9347
9347
9347
9347
9347
9347
9348
9348
9347
9347
9347
9346
9347
9347
9347
9347
9347
9347
9347
9347
9347
9347
9347
9346
9347
9347
9347
9347
9347
9347
9347
9347
9346
9346
9346
9346
9346
9347
9347
9347
9347
9347
9347
9347
9347
9347
9347
9347
9347
9347
9347
9347
9347
9347
9347
9347
9347
9347
9347
9346
9347
9347
9347
9347
9346
9346
9347
9347
9347
9347
9347
9347
9347
9347
9347
9346
9347
9347
9347
9347
9347
9347
9347
9347
9347
9347
9347
9347
9347
9347
9347
9347
9347
9347
9347
9347
9347
9347
9346
9347
9346
9346
9347
9347
9347
9348
9347
9347
9347
9347
9347
9347
9347
9347
9347
9347
9347
9347
9347
9347
9346
9347
9346
9346
9346
9346
9346
9346
9347
9347
9347
9347
9347
9346
9346
9346
9346
9346
9346
9346
9346
9347
9347
9347
9347
9347
9347
9347
9347
9347
9347
9347
9346
9347
9346
9347
9347
9347
9347
9346
9347
9347
9346
9346
9346
9346
9346
9346
9346
9346
9346
9346
9346
9346
9347
9346
9347
9346
9346
9346
9347
9347
9347
9347
9346
9346
9346
9346
9347
9347
9347
9346
9346
9347
9346
9346
9346
9347
9346
9346
9346
9346
9346
9346
9346
9346
9346
9346
9346
9346
9346
9346
9346
9346
9346
9347
9347
9347
9347
9347
9347
9347
9347
9347
9347
9347
9347
9347
9347
9347
9347
9347
9347
9347
9347
9347
9347
9347
9347
9347
9347
9347
9347
9347
9347
9347
9347
9347
9347
9347
9347
9347
9347
9347
9347
9347
9347
9347
9347
9347
9347
9347
9348
9347
9347
9347
9347
9347
9348
9347
9347
9347
9347
9346
9346
9346
9346
9346
9346
9345
9345
9345
9345
9345
9345
9346
9346
9346
9346
9346
9346
9347
9346
9346
9347
9346
9347
9347
9347
9347
9347
9347
9348
9348
9348
9348
9348
9348
9348
9347
9347
9347
9347
9347
9347
9347
9347
9346
9347
9347
9347
9348
9348
9348
9347
9347
9347
9347
9347
9347
9347
9347
9347
9347
9347
9347
9347
9347
9346
9346
9346
9347
9346
9346
9346
9346
9346
9346
9347
9346
9347
9347
9347
9347
9346
9347
9347
9347
9347
9346
9347
9347
9347
9347
9347
9347
9347
9347
9347
9347
9347
9347
9346
9347
9347
9346
9346
9346
9346
9346
9346
9347
9347
9346
9346
9346
9346
9346
9346
9347
9347
9347
9347
9347
9347
9347
9347
9347
9346
9347
9346
9347
9347
9346
9347
9346
9346
9347
9346
9347
9347
9347
9347
9347
9347
9347
9347
9347
9346
9346
9347
9347
9346
9347
9347
9347
9347
9347
9347
9347
9347
9347
9347
9347
9347
9347
9347
9347
9347
9347
9347
9347
9347
9346
9347
9347
9346
9346
9346
9346
9346
9346
9346
9346
9346
9346
9346
9347
9346
9346
9346
9345
9345
9346
9346
9346
9346
9346
9346
9346
9347
9347
9346
9347
9347
9347
9347
9347
9347
9347
9347
9347
9347
9347
9347
9347
9346
9346
9346
9346
9346
9346
9346
9346
9346
9346
9346
9346
9347
9347
9347
9347
9347
9346
9347
9346
9346
9346
9346
9347
9346
9346
9346
9346
9347
9347
9347
9347
9346
9346
9346
9346
9346
9346
9346
9346
9346
9346
9346
9346
9347
9346
9346
9346
9346
9346
9346
9346
9346
9347
9346
9346
9345
9345
9345
9345
9345
9344
9344
9344
9344
9345
9344
9344
9345
9344
9344
9344
9344
9344
9344
9344
9344
9344
9344
9344
9344
9344
9344
9344
9344
9344
9344
9343
9344
9344
9344
9344
9344
9344
9344
9344
9344
9344
9344
9344
9344
9344
9344
9344
9344
9344
9345
9344
9344
9344
9341
9317
9289
9298
9298
9298
9298
9297
9298
9298
9298
9297
9297
9297
9297
9287
9288
9287
9287
9288
9288
9288
9288
9288
9288
9287
9288
9287
9288
9288
9288
9289
9289
9289
9289
9288
9288
9288
9288
9288
9287
9287
9287
9287
9287
9287
9287
9287
9287
9287
9287
9288
9288
9287
9287
9288
9288
9287
9288
9288
9287
9287
9287
9287
9287
9287
9287
9287
9287
9287
9286
9286
9286
9286
9286
9286
9286
9286
9287
9287
9287
9287
9287
9288
9286
9286
9287
9287
9287
9287
9287
9287
9287
9287
9287
9287
9287
9287
9287
9287
9287
9287
9286
9286
9287
9287
9286
9286
9286
9286
9286
9286
9286
9286
9286
9286
9287
9286
9286
9286
9287
9287
9287
9286
9286
9286
9286
9195
9140
9138
9135
9132
9091
9091
9088
9088
9089
9087
9089
9089
9089
9089
9089
9089
9031
8802
8418
8480
8480
8480
8479
8480
8480
8480
8480
8480
8480
8479
8479
8631
8441
8441
8441
8440
8440
8441
8440
8440
8440
8440
8441
8441
8441
8440
8441
8441
8441
8737
8408
8438
8437
8437
8437
8437
8437
8437
8437
8437
8437
8437
8437
28485
56504
55664
55084
54533
53874
53217
52543
51837
51102
50102
49064
48007
47166
46634
45992
45248
44824
43446
42365
41479
36855
36855
36854
36854
36853
36853
36853
36852
36851
36851
36851
36851
34459
32251
32251
32251
32250
32250
32250
32250
32250
32250
32250
32250
32249
30112
27615
26618
26187
26101
25186
25251
25076
24188
24256
24051
23277
23422
23025
22413
22990
22426
21499
21789
20989
20514
20783
19452
19508
19450
18493
18638
18425
17605
22628
21020
19359
18438
18437
18437
18437
18436
18436
18436
18436
18436
18437
16408
13792
11106
8266
5308
3322
1476
30
69
65
339
95
100
114
110
338
18
14
37
88
30
93
78
4652
4641
4636
4636
4636
4635
4635
4635
4635
4634
4634
4634
4621
4621
4592
4590
4590
134
134
134
127
127
126
124
123
123
4724
4724
4723
4723
4723
4722
4722
4722
4722
4708
4707
9308
9308
9308
9308
9308
9308
9307
9516
9509
9505
9500
9267
9601
9601
9601
9586
9585
9584
9583
9583
9583
9582
9583
9583
9583
9583
9583
9582
9582
9581
9582
9582
9582
9582
9583
9583
9583
9583
9582
9582
9581
9582
9582
9582
9582
9582
9580
9580
9580
9580
9579
9579
9579
9579
9579
9579
9579
9579
9579
9579
9578
9578
9578
9578
9578
9577
9578
9578
9578
9578
9578
9578
9579
9579
9579
9579
9578
9578
9579
9579
9579
9579
9578
9579
9579
9579
9578
9579
9578
9579
9579
9579
9579
9577
9577
9577
9577
9577
9577
9577
9576
9576
9576
9576
9576
9576
9576
9577
9577
9577
9578
9578
9577
9577
9577
9577
9577
9577
9576
9576
9576
9576
9576
9576
9576
9576
9576
9576
9576
9576
9577
9577
9577
9577
9577
9577
9577
9577
9577
9577
9577
9576
9577
9576
9576
9576
9576
9576
9576
9576
9576
9574
9573
9574
9574
9573
9573
9573
9574
9574
9574
9574
9574
9574
9574
9574
9573
9574
9573
9573
9573
9573
9574
9574
9574
9574
9573
9573
9573
9573
9574
9574
9574
9574
9574
9573
9574
9573
9573
9573
9573
9573
9574
9573
9573
9573
9574
9573
9573
9573
9573
9573
9573
9574
9574
9573
9574
9574
9574
9574
9574
9574
9573
9574
9573
9573
9573
9573
9573
9573
9574
9574
9574
9574
9573
9574
9573
9573
9573
9573
9573
9573
9573
9573
9573
9573
9573
9573
9573
9573
9573
9573
9573
9574
9574
9574
9573
9573
9573
9573
9573
9573
9573
9573
9572
9572
9572
9572
9572
9573
9573
9573
9573
9573
9573
9573
9573
9573
9573
9573
9573
9573
9573
9573
9573
9573
9573
9574
9573
9573
9573
9572
9573
9573
9573
9573
9573
9573
9573
9573
9573
9572
9573
9573
9573
9573
9573
9573
9573
9573
9573
9573
9573
9573
9573
9572
9572
9572
9573
9573
9573
9573
9573
9573
9573
9573
9574
9573
9573
9573
9573
9573
9573
9572
9573
9573
9573
9573
9573
9573
9573
9573
9573
9573
9573
9573
9573
9574
9574
9574
9573
9573
9573
9573
9573
9573
9573
9572
9572
9572
9572
9572
9572
9572
9572
9572
9572
9572
9572
9572
9571
9572
9572
9572
9572
9572
9572
9572
9572
9573
9572
9572
9572
9572
9572
9573
9573
9573
9573
9573
9573
9573
9572
9572
9572
9572
9572
9572
9573
9573
9571
9570
9571
9570
9571
9571
9571
9570
9570
9570
9570
9570
9570
9571
9571
9571
9571
9571
9571
9571
9571
9571
9571
9571
9571
9572
9571
9571
9571
9571
9571
9571
9571
9571
9571
9571
9571
9571
9570
9570
9571
9571
9571
9571
9571
9571
9571
9572
9572
9572
9571
9571
9572
9572
9571
9571
9571
9570
9571
9571
9571
9571
9571
9571
9571
9571
9571
9571
9571
9571
9571
9571
9571
9571
9571
9570
9570
9571
9571
9570
9570
9571
9570
9570
9570
9570
9570
9570
9570
9570
9570
9571
9571
9571
9571
9571
9571
9571
9571
9571
9571
9571
9570
9570
9570
9570
9569
9569
9569
9569
9569
9569
9569
9569
9569
9569
9569
9569
9569
9569
9569
9569
9569
9569
9570
9570
9570
9570
9570
9570
9570
9570
9570
9570
9570
9570
9570
9570
9570
9569
9569
9569
9569
9569
9569
9570
9570
9569
9569
9569
9569
9569
9569
9569
9569
9569
9570
9570
9570
9569
9570
9570
9571
9570
9570
9570
9570
9570
9570
9569
9570
9570
9569
9570
9570
9570
9570
9570
9570
9570
9570
9570
9570
9570
9570
9570
9570
9570
9571
9570
9570
9569
9569
9568
9568
9567
9568
9567
9567
9567
9567
9568
9568
9568
9568
9567
9567
9567
9566
9566
9566
9566
9566
9566
9567
9566
9566
9567
9567
9567
9567
9567
9568
9567
9568
9568
9568
9568
9568
9568
9567
9567
9568
9568
9568
9568
9568
9568
9568
9568
9567
9568
9568
9568
9567
9568
9567
9568
9568
9567
9568
9567
9567
9567
9567
9567
9567
9567
9567
9567
9567
9567
9567
9567
9567
9567
9567
9567
9567
9567
9567
9567
9567
9567
9568
9567
9568
9568
9567
9567
9566
9567
9567
9567
9567
9567
9567
9567
9567
9567
9567
9566
9566
9567
9567
9566
9567
9567
9567
9567
9567
9567
9567
9567
9567
9567
9567
9567
9567
9567
9567
9567
9567
9567
9567
9567
9567
9567
9567
9567
9567
9567
9567
9567
9567
9567
9567
9567
9567
9567
9566
9567
9567
9566
9566
9567
9567
9567
9567
9567
9567
9567
9566
9567
9567
9567
9567
9567
9567
9567
9567
9567
9567
9567
9567
9567
9567
9567
9567
9567
9567
9567
9567
9567
9567
9567
9567
9567
9567
9567
9567
9567
9567
9567
9567
9567
9567
9567
9567
9567
9568
9567
9567
9567
9567
9567
9567
9567
9567
9567
9567
9567
9567
9566
9566
9566
9567
9567
9567
9567
9567
9566
9567
9567
9567
9567
9567
9567
9567
9567
9567
9566
9567
9567
9567
9567
9567
9567
9566
9566
9566
9566
9566
9566
9566
9567
9566
9566
9566
9566
9566
9566
9567
9566
9566
9567
9566
9566
9566
9566
9567
9567
9567
9567
9567
9567
9566
9566
9567
9566
9567
9567
9567
9566
9565
9566
9566
9566
9565
9566
9566
9566
9566
9566
9566
9566
9566
9566
9566
9566
9566
9566
9566
9565
9565
9566
9565
9565
9566
9566
9565
9565
9565
9566
9566
9566
9566
9566
9566
9566
9566
9566
9566
9566
9566
9567
9566
9567
9566
9566
9566
9566
9566
9566
9566
9566
9565
9566
9566
9566
9566
9566
9566
9566
9567
9566
9566
9566
9566
9566
9566
9566
9566
9566
9566
9566
9566
9566
9566
9566
9566
9566
9566
9566
9565
9565
9565
9565
9565
9565
9565
9565
9565
9565
9565
9565
9565
9565
9565
9565
9565
9565
9565
9566
9566
9566
9565
9566
9566
9566
9566
9566
9566
9566
9566
9566
9565
9566
9566
9565
9565
9565
9566
9566
9565
9566
9565
9566
9566
9566
9566
9566
9566
9566
9566
9566
9566
9566
9566
9566
9566
9566
9566
9566
9566
9565
9565
9565
9566
9566
9565
9565
9565
9565
9565
9565
9566
9566
9566
9565
9565
9565
9565
9566
9566
9566
9565
9566
9566
9565
9565
9566
9566
9566
9566
9566
9566
9566
9566
9566
9566
9566
9566
9565
9565
9565
9565
9566
9566
9566
9565
9565
9565
9565
9565
9566
9565
9565
9566
9565
9566
9566
9565
9565
9565
9565
9565
9566
9566
9566
9566
9565
9565
9566
9566
9566
9566
9566
9566
9566
9566
9567
9566
9566
9566
9566
9566
9566
9566
9567
9566
9566
9566
9566
9566
9566
9566
9566
9566
9566
9566
9566
9565
9565
9565
9566
9566
9567
9566
9566
9566
9567
9566
9566
9566
9566
9566
9566
9566
9566
9566
9566
9566
9566
9566
9566
9566
9566
9566
9565
9566
9565
9565
9565
9565
9565
9565
9565
9565
9566
9566
9566
9566
9566
9566
9566
9566
9566
9566
9566
9566
9566
9566
9566
9566
9566
9566
9566
9565
9565
9565
9565
9565
9565
9565
9566
9565
9565
9566
9566
9566
9566
9566
9565
9565
9565
9565
9565
9565
9565
9565
9565
9566
9565
9565
9565
9565
9565
9565
9565
9565
9565
9565
9565
9565
9565
9565
9565
9565
9565
9565
9565
9565
9565
9565
9565
9565
9565
9565
9566
9566
9566
9566
9566
9566
9565
9565
9564
9564
9564
9565
9564
9564
9565
9565
9565
9565
9565
9564
9565
9564
9564
9565
9565
9565
9565
9565
9565
9565
9565
9565
9565
9565
9565
9564
9564
9564
9565
9565
9565
9564
9565
9565
9565
9565
9565
9565
9565
9565
9565
9565
9565
9565
9565
9565
9565
9565
9565
9565
9565
9565
9565
9564
9565
9565
9566
9566
9566
9566
9566
9566
9566
9566
9565
9565
9565
9565
9565
9565
9566
9566
9566
9566
9565
9566
9565
9566
9566
9566
9565
9565
9565
9565
9565
9565
9565
9565
9565
9565
9565
9565
9565
9565
9564
9564
9564
9565
9565
9565
9565
9565
9565
9565
9565
9565
9565
9565
9564
9563
9564
9565
9565
9564
9565
9565
9565
9565
9565
9565
9565
9565
9565
9565
9564
9564
9564
9565
9565
9565
9565
9564
9564
9565
9565
9564
9564
9564
9564
9564
9564
9564
9564
9564
9565
9565
9565
9565
9565
9564
9564
9564
9564
9564
9564
9565
9565
9564
9565
9565
9565
9565
9564
9564
9564
9564
9564
9564
9564
9565
9565
9564
9564
9565
9565
9565
9565
9565
9565
9565
9565
9565
9565
9565
9566
9566
9566
9566
9566
9565
9565
9565
9565
9565
9565
9564
9564
9565
9565
9565
9566
9565
9565
9565
9565
9565
9565
9565
9565
9565
9565
9565
9565
9565
9565
9565
9564
9564
9565
9565
9565
9565
9565
9565
9565
9565
9565
9565
9565
9565
9565
9565
9565
9565
9565
9566
9565
9565
9565
9565
9564
9565
9565
9565
9565
9565
9565
9565
9565
9565
9565
9565
9565
9565
9565
9565
9565
9565
9565
9564
9564
9565
9565
9565
9565
9565
9565
9565
9564
9564
9564
9565
9565
9565
9565
9565
9565
9565
9565
9565
9565
9565
9565
9565
9565
9565
9564
9564
9565
9564
9564
9565
9565
9565
9565
9565
9565
9565
9565
9565
9566
9565
9565
9565
9565
9565
9565
9565
9565
9564
9564
9564
9564
9564
9564
9564
9564
9564
9564
9564
9564
9564
9565
9564
9565
9565
9565
9565
9566
9566
9565
9565
9566
9565
9565
9564
9565
9564
9564
9564
9564
9564
9565
9565
9565
9565
9565
9565
9565
9565
9565
9564
9565
9564
9565
9565
9565
9565
9565
9565
9565
9565
9565
9565
9565
9565
9565
9565
9566
9565
9565
9565
9565
9565
9565
9565
9565
9565
9565
9565
9565
9565
9565
9565
9565
9565
9565
9565
9565
9565
9565
9565
9565
9565
9565
9565
9565
9565
9565
9565
9565
9564
9564
9565
9564
9565
9565
9565
9564
9565
9565
9565
9564
9564
9564
9564
9564
9564
9564
9564
9564
9563
9564
9564
9564
9564
9564
9564
9564
9564
9564
9564
9564
9564
9565
9565
9564
9564
9564
9564
9564
9564
9564
9564
9564
9564
9564
9565
9565
9565
9565
9565
9565
9565
9564
9564
9564
9564
9564
9564
9564
9565
9565
9565
9565
9565
9565
9565
9565
9565
9564
9565
9565
9565
9565
9565
9565
9565
9565
9565
9564
9564
9565
9565
9565
9564
9564
9564
9564
9564
9564
9564
9565
9564
9564
9564
9565
9564
9564
9564
9564
9564
9563
9564
9564
9564
9564
9564
9565
9565
9565
9565
9565
9565
9565
9565
9565
9565
9565
9565
9565
9565
9564
9564
9564
9564
9564
9564
9564
9564
9565
9565
9565
9565
9565
9564
9564
9565
9565
9565
9565
9565
9565
9564
9564
9564
9565
9565
9564
9564
9564
9565
9564
9565
9564
9564
9564
9564
9564
9565
9565
9564
9564
9564
9565
9565
9566
9565
9565
9565
9565
9565
9565
9565
9565
9565
9565
9565
9565
9565
9565
9564
9565
9564
9564
9564
9564
9565
9564
9565
9564
9564
9564
9564
9564
9565
9565
9565
9565
9565
9564
9564
9565
9565
9565
9564
9565
9565
9565
9564
9564
9564
9564
9564
9564
9564
9564
9564
9564
9564
9564
9565
9564
9564
9564
9564
9564
9564
9564
9564
9565
9565
9565
9564
9564
9564
9564
9564
9564
9564
9564
9564
9564
9564
9564
9564
9564
9564
9565
9565
9565
9565
9564
9564
9565
9564
9564
9564
9564
9564
9564
9564
9564
9564
9564
9564
9564
9564
9564
9564
9564
9564
9564
9564
9564
9564
9564
9564
9564
9564
9564
9564
9564
9565
9565
9565
9565
9565
9565
9565
9565
9565
9565
9565
9564
9564
9564
9565
9564
9564
9564
9564
9564
9564
9564
9564
9564
9564
9564
9564
9565
9565
9565
9565
9565
9564
9564
9564
9564
9564
9564
9564
9564
9565
9564
9564
9564
9564
9565
9564
9564
9564
9565
9564
9565
9565
9564
9564
9564
9564
9564
9564
9564
9562
9562
9562
9562
9562
9562
9562
9562
9562
9562
9562
9562
9562
9562
9562
9562
9561
9561
9561
9561
9561
9561
9561
9561
9561
9562
9561
9561
9562
9561
9561
9561
9561
9561
9561
9560
9561
9561
9561
9561
9561
9561
9561
9561
9561
9561
9561
9561
9562
9561
9562
9562
9561
9561
9562
9562
9562
9562
9562
9562
9562
9562
9562
9562
9562
9561
9561
9561
9561
9560
9561
9561
9561
9561
9561
9561
9562
9561
9561
9561
9561
9561
9561
9561
9561
9561
9561
9561
9562
9562
9562
9561
9561
9561
9561
9560
9561
9561
9561
9561
9561
9561
9561
9561
9562
9561
9562
9562
9561
9561
9562
9562
9562
9562
9562
9562
9562
9561
9561
9561
9561
9561
9561
9561
9561
9561
9560
9561
9561
9561
9561
9561
9561
9561
9562
9561
9561
9561
9561
9561
9562
9562
9561
9561
9561
9561
9561
9561
9561
9561
9561
9561
9562
9562
9562
9562
9561
9562
9561
9561
9561
9561
9561
9561
9561
9561
9561
9561
9562
9561
9562
9562
9561
9562
9562
9562
9562
9562
9561
9561
9560
9560
9561
9561
9561
9561
9561
9561
9561
9561
9561
9561
9561
9561
9561
9561
9561
9561
9561
9561
9560
9561
9561
9561
9561
9561
9560
9560
9560
9560
9560
9560
9561
9561
9561
9561
9561
9561
9561
9560
9561
9561
9561
9561
9561
9561
9561
9561
9561
9561
9561
9561
9561
9561
9561
9561
9561
9561
9561
9561
9561
9560
9561
9561
9561
9561
9561
9561
9561
9561
9561
9561
9561
9560
9560
9560
9561
9561
9561
9561
9561
9561
9561
9561
9561
9561
9561
9561
9561
9561
9561
9561
9562
9562
9561
9561
9561
9561
9561
9561
9561
9561
9561
9561
9561
9562
9561
9561
9561
9561
9561
9561
9561
9561
9561
9560
9560
9560
9561
9560
9561
9561
9561
9561
9561
9561
9560
9560
9560
9560
9560
9561
9561
9561
9561
9561
9561
9561
9561
9561
9561
9561
9561
9561
9561
9561
9561
9561
9560
9560
9561
9561
9561
9561
9561
9562
9561
9562
9562
9562
9562
9562
9562
9562
9562
9562
9561
9561
9561
9561
9561
9561
9561
9561
9562
9562
9562
9562
9562
9562
9562
9562
9562
9562
9561
9562
9561
9561
9562
9561
9561
9561
9561
9561
9561
9561
9561
9561
9561
9561
9561
9561
9561
9560
9560
9560
9560
9560
9560
9560
9560
9560
9560
9560
9560
9561
9560
9561
9560
9561
9561
9561
9561
9561
9561
9562
9562
9562
9562
9562
9562
9561
9562
9562
9562
9562
9562
9562
9562
9562
9562
9562
9562
9562
9562
9562
9562
9562
9562
9562
9562
9561
9561
9561
9561
9561
9561
9561
9560
9561
9561
9561
9561
9561
9562
9562
9561
9562
9562
9562
9562
9561
9561
9561
9562
9562
9562
9561
9560
9560
9560
9561
9561
9561
9561
9561
9561
9561
9561
9561
9561
9561
9561
9561
9561
9561
9561
9562
9562
9561
9561
9561
9561
9561
9561
9561
9560
9561
9561
9561
9561
9561
9561
9561
9561
9561
9561
9561
9561
9561
9561
9561
9562
9561
9561
9561
9562
9561
9561
9561
9562
9561
9562
9562
9562
9562
9562
9561
9561
9561
9561
9561
9561
9561
9561
9560
9560
9561
9561
9561
9561
9561
9561
9561
9561
9561
9561
9561
9561
9561
9561
9561
9561
9561
9561
9561
9561
9561
9561
9561
9560
9561
9561
9561
9561
9561
9561
9561
9561
9561
9561
9561
9561
9561
9561
9561
9561
9561
9561
9561
9561
9561
9561
9561
9561
9561
9561
9561
9561
9561
9561
9561
9560
9561
9561
9560
9561
9561
9561
9561
9561
9561
9561
9561
9561
9561
9561
9561
9561
9561
9561
9561
9561
9561
9561
9561
9561
9561
9561
9561
9561
9561
9560
9560
9561
9561
9561
9561
9561
9561
9561
9561
9561
9561
9561
9561
9561
9561
9561
9561
9561
9561
9561
9561
9561
9561
9562
9562
9562
9562
9562
9562
9561
9561
9561
9561
9561
9561
9561
9561
9561
9561
9561
9561
9561
9561
9561
9561
9560
9561
9561
9561
9561
9561
9561
9561
9561
9560
9560
9560
9561
9561
9561
9561
9561
9561
9561
9561
9561
9561
9561
9561
9561
9561
9561
9561
9561
9561
9561
9560
9560
9560
9561
9561
9561
9561
9561
9561
9561
9561
9561
9561
9561
9561
9561
9562
9562
9562
9561
9561
9562
9562
9561
9561
9561
9561
9561
9561
9560
9561
9560
9561
9561
9561
9561
9561
9561
9561
9562
9562
9561
9561
9561
9561
9561
9561
9561
9560
9561
9561
9561
9561
9562
9562
9562
9561
9561
9561
9561
9561
9561
9561
9561
9561
9561
9561
9562
9562
9562
9562
9561
9561
9561
9561
9561
9561
9561
9560
9561
9561
9561
9561
9561
9561
9561
9561
9561
9561
9561
9561
9561
9561
9561
9560
9560
9560
9561
9561
9560
9561
9561
9560
9561
9561
9561
9561
9561
9561
9561
9561
9561
9561
9561
9560
9560
9560
9560
9560
9560
9560
9560
9560
9561
9561
9561
9561
9561
9561
9561
9560
9561
9561
9560
9561
9560
9560
9560
9560
9560
9560
9560
9560
9560
9560
9560
9560
9560
9560
9560
9560
9560
9560
9560
9560
9560
9560
9560
9560
9560
9560
9560
9560
9561
9561
9561
9561
9561
9560
9560
9560
9560
9560
9560
9560
9560
9560
9560
9560
9560
9561
9560
9560
9560
9560
9560
9560
9560
9560
9560
9560
9560
9560
9560
9560
9560
9560
9560
9560
9560
9560
9561
9560
9561
9561
9561
9562
9561
9561
9561
9562
9561
9561
9561
9561
9561
9561
9561
9561
9561
9561
9561
9561
9561
9560
9560
9560
9560
9560
9561
9561
9561
9560
9561
9560
9560
9560
9560
9560
9559
9560
9560
9560
9560
9560
9560
9560
9561
9560
9560
9560
9560
9560
9560
9561
9561
9561
9561
9560
9560
9560
9560
9560
9560
9560
9560
9560
9560
9561
9561
9560
9561
9561
9561
9561
9560
9561
9561
9561
9560
9561
9561
9561
9561
9561
9561
9561
9561
9561
9561
9561
9561
9561
9561
9560
9561
9561
9561
9561
9561
9561
9561
9561
9560
9560
9561
9560
9561
9561
9561
9562
9562
9562
9562
9561
9561
9561
9562
9562
9561
9561
9561
9562
9562
9562
9562
9562
9562
9561
9562
9562
9562
9562
9562
9561
9561
9561
9560
9560
9560
9560
9561
9560
9560
9560
9560
9560
9560
9559
9560
9560
9560
9560
9560
9560
9561
9561
9561
9560
9561
9561
9561
9561
9561
9560
9561
9562
9562
9561
9561
9561
9561
9561
9561
9560
9560
9560
9560
9561
9561
9561
9561
9561
9561
9560
9560
9560
9560
9560
9560
9560
9560
9560
9560
9560
9560
9560
9560
9560
9560
9560
9560
9560
9560
9560
9561
9561
9560
9560
9560
9560
9560
9560
9560
9560
9560
9560
9560
9560
9560
9559
9560
9560
9560
9560
9560
9560
9560
9560
9560
9560
9560
9560
9560
9560
9560
9560
9560
9561
9561
9561
9560
9561
9561
9561
9561
9561
9561
9561
9560
9560
9560
9560
9560
9561
9561
9561
9561
9560
9560
9560
9560
9560
9560
9561
9560
9560
9561
9561
9561
9561
9561
9561
9561
9560
9560
9560
9560
9560
9560
9560
9560
9560
9560
9560
9560
9560
9561
9561
9561
9561
9561
9561
9561
9561
9561
9561
9561
9561
9561
9560
9560
9560
9560
9560
9560
9560
9560
9560
9560
9560
9560
9560
9560
9560
9561
9560
9560
9560
9560
9560
9561
9560
9560
9560
9560
9560
9560
9560
9560
9560
9560
9560
9560
9560
9560
9560
9560
9560
9560
9560
9560
9560
9560
9560
9560
9560
9560
9560
9560
9560
9561
9561
9561
9560
9561
9561
9561
9560
9561
9561
9561
9561
9561
9561
9561
9561
9561
9561
9561
9561
9561
9561
9561
9560
9560
9560
9560
9559
9556
9556
9555
9556
9556
9555
9556
9555
9555
9555
9555
9553
9553
9552
9552
9551
9550
9550
9550
9550
9550
9549
9549
9549
9549
9549
9550
9550
9550
9550
9550
9550
9550
9550
9549
9550
9550
9550
9550
9550
9550
9550
9550
9550
9550
9550
9550
9550
9550
9550
9550
9550
9550
9549
9549
9549
9549
9549
9549
9549
9549
9550
9550
9550
9550
9550
9550
9550
9550
9550
9550
9550
9549
9550
9549
9549
9550
9550
9550
9550
9549
9549
9549
9549
9549
9549
9549
9549
9549
9549
9549
9549
9549
9549
9549
9549
9549
9549
9549
9548
9549
9549
9549
9550
9549
9549
9549
9549
9549
9549
9549
9549
9549
9550
9550
9550
9551
9550
9550
9550
9550
9549
9549
9549
9549
9549
9549
9549
9549
9549
9549
9549
9549
9549
9549
9548
9549
9549
9549
9549
9549
9549
9549
9549
9549
9549
9549
9550
9549
9550
9550
9549
9549
9550
9550
9550
9550
9550
9549
9548
9549
9549
9549
9550
9549
9549
9549
9549
9549
9550
9550
9549
9549
9549
9549
9549
9550
9550
9549
9550
9550
9550
9550
9550
9550
9550
9550
9550
9550
9550
9550
9549
9549
9549
9549
9549
9549
9548
9548
9548
9549
9548
9548
9548
9547
9548
9548
9548
9547
9547
9547
9547
9547
9547
9547
9548
9548
9548
9548
9547
9548
9548
9548
9548
9548
9548
9548
9548
9547
9548
9547
9547
9547
9547
9548
9548
9548
9548
9547
9548
9548
9548
9548
9548
9548
9549
9548
9548
9548
9548
9548
9548
9548
9548
9548
9548
9548
9547
9547
9548
9548
9547
9547
9547
9547
9547
9548
9548
9548
9548
9548
9548
9548
9548
9548
9548
9548
9548
9548
9548
9548
9548
9548
9548
9548
9548
9548
9549
9548
9548
9548
9548
9548
9548
9548
9548
9548
9548
9548
9548
9548
9548
9548
9548
9548
9548
9549
9549
9548
9549
9549
9549
9549
9548
9548
9548
9548
9548
9548
9548
9548
9548
9548
9548
9548
9547
9547
9547
9548
9548
9548
9547
9548
9548
9548
9548
9548
9548
9548
9549
9548
9548
9548
9548
9548
9548
9548
9548
9548
9548
9548
9548
9548
9548
9548
9548
9548
9548
9547
9547
9547
9548
9547
9547
9547
9547
9547
9547
9547
9547
9548
9547
9548
9548
9548
9548
9548
9547
9548
9547
9547
9547
9547
9547
9547
9548
9547
9547
9547
9547
9547
9548
9547
9548
9548
9547
9547
9547
9547
9548
9547
9547
9547
9547
9547
9547
9547
9547
9547
9547
9547
9547
9547
9547
9547
9547
9547
9547
9547
9547
9547
9547
9547
9548
9547
9547
9548
9548
9548
9548
9548
9548
9548
9548
9548
9548
9548
9547
9548
9548
9548
9548
9548
9548
9548
9548
9548
9548
9548
9548
9548
9548
9548
9548
9548
9548
9547
9547
9547
9547
9547
9547
9547
9547
9547
9547
9547
9547
9547
9547
9547
9548
9548
9547
9548
9547
9547
9547
9548
9547
9547
9547
9547
9547
9547
9547
9547
9547
9547
9547
9547
9547
9548
9548
9548
9548
9548
9548
9548
9548
9548
9548
9548
9548
9548
9548
9548
9548
9547
9547
9546
9547
9547
9547
9548
9548
9548
9548
9548
9547
9547
9547
9547
9547
9547
9547
9547
9548
9548
9547
9547
9548
9548
9548
9548
9548
9548
9548
9548
9548
9548
9548
9547
9548
9548
9548
9548
9548
9548
9548
9548
9548
9548
9548
9548
9548
9548
9547
9547
9547
9547
9547
9547
9547
9547
9547
9547
9547
9547
9547
9547
9547
9547
9547
9547
9547
9547
9547
9547
9547
9548
9548
9548
9547
9547
9547
9547
9547
9547
9547
9547
9547
9547
9547
9547
9547
9547
9548
9548
9547
9547
9547
9547
9547
9547
9547
9547
9547
9547
9547
9547
9547
9547
9548
9548
9548
9548
9548
9548
9549
9549
9549
9548
9548
9548
9548
9548
9548
9547
9547
9548
9548
9548
9547
9548
9547
9548
9547
9547
9547
9547
9547
9547
9547
9547
9547
9547
9547
9547
9547
9548
9547
9547
9547
9547
9547
9547
9547
9547
9547
9547
9547
9547
9547
9546
9547
9547
9548
9547
9548
9547
9548
9548
9548
9548
9548
9548
9547
9547
9547
9548
9548
9548
9547
9547
9548
9547
9547
9548
9547
9547
9548
9548
9548
9548
9548
9548
9548
9548
9548
9548
9548
9548
9548
9548
9548
9547
9548
9548
9547
9547
9547
9547
9547
9548
9547
9547
9548
9547
9547
9548
9548
9548
9547
9547
9547
9547
9547
9547
9547
9547
9547
9547
9547
9547
9547
9547
9547
9547
9547
9547
9547
9547
9547
9547
9547
9547
9547
9547
9547
9547
9547
9546
9547
9547
9547
9546
9547
9547
9547
9547
9547
9547
9547
9547
9547
9547
9547
9547
9547
9546
9546
9546
9546
9546
9546
9546
9546
9546
9547
9547
9547
9547
9547
9547
9546
9546
9547
9547
9547
9547
9547
9547
9547
9548
9548
9548
9548
9547
9547
9547
9547
9547
9547
9547
9547
9547
9548
9547
9547
9547
9547
9546
9546
9547
9547
9547
9547
9546
9546
9546
9547
9547
9547
9548
9547
9547
9546
9546
9546
9546
9546
9547
9547
9547
9547
9548
9548
9548
9548
9548
9548
9548
9548
9548
9547
9547
9547
9547
9547
9547
9546
9547
9547
9547
9547
9547
9547
9547
9547
9547
9547
9547
9547
9546
9546
9546
9546
9546
9547
9547
9547
9546
9546
9546
9546
9546
9547
9546
9546
9547
9547
9547
9546
9546
9546
9546
9547
9547
9547
9547
9547
9547
9547
9547
9547
9547
9547
9547
9547
9547
9548
9547
9547
9547
9547
9547
9548
9547
9547
9547
9547
9547
9547
9547
9548
9548
9547
9547
9547
9547
9547
9547
9547
9548
9548
9547
9547
9547
9547
9547
9546
9546
9547
9547
9547
9547
9547
9546
9547
9546
9546
9546
9546
9546
9546
9547
9547
9547
9548
9548
9548
9548
9548
9547
9547
9547
9547
9547
9547
9547
9547
9547
9547
9547
9547
9547
9547
9547
9547
9547
9547
9547
9547
9547
9547
9547
9547
9547
9547
9547
9548
9548
9547
9547
9547
9547
9547
9547
9547
9547
9547
9547
9547
9547
9548
9548
9547
9547
9547
9547
9548
9547
9548
9547
9547
9547
9547
9547
9547
9547
9547
9547
9547
9547
9547
9548
9548
9548
9548
9548
9547
9547
9547
9547
9547
9547
9547
9547
9547
9547
9547
9547
9547
9547
9546
9547
9546
9546
9546
9546
9546
9546
9546
9546
9546
9546
9546
9546
9546
9547
9546
9546
9547
9547
9547
9547
9547
9547
9547
9547
9547
9547
9547
9547
9547
9547
9547
9547
9547
9547
9547
9547
9547
9547
9547
9547
9547
9547
9547
9547
9547
9547
9548
9547
9548
9548
9548
9547
9548
9548
9548
9547
9547
9547
9547
9547
9547
9547
9547
9547
9547
9547
9547
9547
9547
9547
9547
9547
9547
9547
9548
9548
9547
9547
9547
9546
9546
9546
9546
9546
9546
9547
9547
9547
9547
9547
9547
9547
9548
9548
9547
9547
9547
9547
9547
9547
9547
9547
9547
9547
9546
9546
9547
9547
9547
9547
9546
9547
9547
9547
9547
9547
9547
9547
9547
9547
9547
9547
9547
9547
9547
9547
9547
9547
9548
9547
9547
9547
9547
9547
9547
9547
9547
9547
9547
9547
9547
9547
9547
9547
9547
9547
9547
9548
9548
9548
9547
9547
9547
9547
9546
9547
9547
9547
9547
9547
9547
9547
9547
9547
9547
9548
9547
9547
9547
9547
9547
9547
9547
9547
9546
9547
9547
9547
9547
9547
9548
9547
9547
9548
9547
9547
9547
9547
9547
9547
9547
9547
9547
9547
9547
9547
9547
9547
9547
9547
9547
9547
9547
9547
9547
9547
9547
9546
9546
9546
9546
9546
9546
9547
9547
9547
9547
9547
9547
9547
9547
9547
9547
9547
9547
9547
9547
9546
9547
9546
9546
9546
9546
9546
9547
9546
9547
9547
9547
9547
9547
9547
9547
9547
9546
9547
9546
9547
9547
9547
9547
9547
9546
9547
9546
9546
9546
9547
9547
9547
9547
9547
9547
9547
9546
9547
9547
9547
9547
9547
9548
9547
9547
9547
9547
9547
9547
9547
9547
9547
9547
9547
9547
9547
9547
9547
9547
9547
9547
9547
9547
9547
9547
9547
9547
9547
9547
9547
9547
9547
9547
9547
9547
9547
9547
9547
9547
9547
9547
9547
9547
9548
9547
9547
9547
9547
9547
9547
9547
9547
9546
9547
9547
9547
9547
9547
9547
9547
9547
9547
9547
9547
9547
9547
9547
9547
9547
9547
9547
9547
9547
9547
9547
9547
9547
9548
9547
9547
9547
9547
9548
9547
9547
9547
9547
9547
9547
9547
9547
9547
9547
9547
9547
9547
9547
9547
9547
9547
9547
9547
9547
9547
9547
9547
9547
9547
9547
9546
9547
9547
9547
9547
9547
9547
9547
9547
9547
9547
9547
9547
9547
9547
9547
9547
9547
9547
9547
9547
9547
9547
9547
9547
9547
9547
9547
9547
9547
9547
9547
9547
9547
9547
9547
9547
9547
9547
9547
9547
9547
9546
9546
9546
9546
9546
9546
9546
9547
9546
9546
9547
9546
9547
9547
9547
9547
9547
9547
9546
9546
9547
9547
9547
9547
9547
9547
9547
9547
9547
9547
9546
9547
9547
9547
9547
9547
9547
9546
9547
9547
9546
9547
9547
9547
9547
9547
9547
9547
9547
9547
9547
9547
9547
9547
9547
9547
9547
9548
9547
9547
9547
9547
9547
9547
9547
9546
9546
9546
9546
9546
9546
9546
9546
9546
9546
9546
9546
9546
9546
9546
9547
9546
9546
9547
9546
9547
9547
9546
9546
9547
9547
9547
9546
9546
9547
9547
9547
9547
9547
9547
9547
9547
9547
9547
9547
9548
9547
9547
9547
9547
9547
9547
9547
9547
9547
9547
9548
9548
9548
9547
9546
9546
9546
9546
9546
9547
9547
9547
9547
9547
9547
9547
9547
9546
9546
9547
9546
9547
9547
9546
9547
9547
9546
9547
9547
9547
9547
9547
9546
9547
9546
9546
9546
9546
9546
9546
9547
9547
9547
9547
9547
9547
9547
9547
9547
9547
9547
9546
9547
9547
9546
9546
9546
9546
9546
9547
9546
9546
9546
9546
9547
9546
9546
9546
9546
9547
9547
9547
9547
9547
9547
9546
9546
9546
9547
9546
9547
9547
9547
9547
9547
9547
9547
9547
9546
9547
9547
9546
9546
9546
9546
9546
9546
9546
9546
9546
9546
9546
9546
9545
9546
9546
9546
9545
9546
9546
9546
9546
9547
9546
9547
9546
9546
9547
9547
9546
9547
9547
9547
9546
9546
9546
9547
9547
9547
9547
9546
9547
9547
9546
9546
9546
9546
9546
9546
9546
9546
9546
9546
9546
9546
9546
9547
9547
9546
9546
9547
9546
9547
9547
9546
9546
9546
9546
9546
9547
9547
9546
9546
9546
9546
9546
9546
9547
9546
9546
9546
9546
9546
9546
9546
9546
9546
9546
9545
9546
9546
9546
9546
9546
9546
9546
9546
9546
9546
9546
9546
9546
9546
9546
9546
9546
9546
9546
9546
9546
9546
9546
9546
9546
9547
9547
9546
9546
9546
9546
9546
9547
9546
9547
9547
9547
9547
9546
9546
9547
9546
9546
9546
9546
9546
9546
9546
9546
9547
9547
9546
9547
9547
9546
9546
9545
9546
9546
9546
9546
9546
9545
9546
9545
9546
9546
9546
9547
9546
9546
9547
9546
9547
9546
9546
9546
9546
9546
9546
9546
9546
9546
9546
9547
9546
9546
9547
9547
9547
9547
9547
9547
9547
9547
9547
9547
9546
9546
9546
9546
9546
9546
9546
9546
9546
9546
9546
9546
9546
9546
9546
9546
9546
9546
9546
9547
9547
9547
9547
9547
9547
9547
9547
9547
9547
9546
9546
9546
9546
9547
9547
9546
9546
9546
9547
9546
9546
9546
9546
9546
9546
9546
9546
9546
9546
9546
9546
9547
9547
9547
9547
9546
9546
9546
9546
9546
9546
9546
9546
9546
9546
9547
9547
9546
9546
9546
9547
9547
9546
9546
9546
9546
9546
9546
9546
9546
9546
9546
9546
9546
9545
9546
9546
9546
9546
9546
9546
9546
9546
9546
9547
9546
9546
9546
9546
9546
9546
9546
9546
9546
9546
9546
9546
9546
9546
9545
9545
9545
9546
9546
9546
9547
9547
9547
9547
9547
9547
9547
9547
9547
9546
9546
9546
9546
9546
9546
9546
9547
9546
9547
9546
9547
9547
9547
9546
9547
9547
9547
9547
9547
9547
9547
9547
9547
9546
9547
9547
9547
9547
9546
9546
9546
9547
9546
9547
9547
9547
9547
9546
9546
9546
9546
9546
9546
9546
9546
9546
9546
9546
9546
9546
9546
9546
9546
9546
9546
9546
9546
9546
9546
9546
9546
9546
9546
9546
9547
9547
9547
9546
9546
9546
9546
9546
9546
9546
9546
9546
9546
9546
9545
9546
9546
9546
9546
9546
9546
9546
9546
9546
9546
9546
9546
9546
9546
9546
9546
9546
9546
9546
9546
9545
9546
9545
9545
9545
9545
9545
9545
9545
9545
9545
9545
9545
9545
9546
9546
9545
9545
9546
9545
9546
9546
9546
9546
9546
9546
9546
9546
9546
9546
9547
9546
9546
9546
9546
9546
9546
9546
9546
9545
9545
9545
9546
9546
9546
9546
9546
9546
9547
9546
9546
9546
9547
9546
9545
9546
9545
9545
9545
9545
9545
9545
9545
9546
9546
9545
9546
9546
9546
9546
9546
9546
9546
9547
9546
9546
9547
9546
9546
9546
9546
9546
9546
9546
9546
9546
9546
9546
9546
9546
9546
9546
9546
9546
9545
9546
9545
9545
9545
9546
9546
9546
9546
9546
9547
9547
9547
9547
9546
9547
9546
9546
9546
9546
9546
9546
9546
9546
9546
9546
9546
9546
9546
9546
9546
9546
9546
9546
9546
9546
9546
9546
9546
9546
9546
9545
9545
9545
9546
9546
9546
9545
9545
9545
9545
9545
9545
9545
9545
9545
9546
9546
9546
9546
9546
9546
9546
9546
9546
9546
9546
9546
9546
9546
9546
9546
9546
9546
9546
9546
9546
9546
9546
9546
9546
9546
9546
9545
9545
9545
9545
9545
9545
9545
9545
9545
9545
9545
9545
9545
9545
9545
9545
9546
9546
9546
9546
9546
9546
9546
9545
9545
9546
9546
9546
9546
9546
9546
9546
9545
9546
9545
9545
9545
9545
9545
9545
9546
9546
9546
9546
9545
9545
9545
9546
9546
9546
9546
9546
9546
9546
9546
9546
9545
9545
9545
9545
9545
9545
9546
9546
9546
9546
9546
9546
9546
9546
9546
9546
9546
9546
9546
9546
9547
9547
9547
9546
9546
9546
9546
9546
9546
9546
9546
9546
9546
9546
9546
9546
9545
9546
9546
9546
9546
9546
9546
9546
9545
9545
9545
9546
9545
9546
9545
9546
9546
9546
9546
9546
9546
9546
9546
9546
9546
9547
9546
9546
9546
9546
9546
9545
9545
9546
9545
9545
9545
9546
9545
9545
9545
9546
9546
9546
9547
9546
9546
9546
9546
9545
9545
9545
9545
9545
9545
9545
9545
9545
9546
9545
9545
9545
9545
9546
9545
9545
9546
9546
9546
9546
9546
9546
9545
9545
9545
9546
9546
9546
9546
9546
9546
9546
9545
9545
9545
9545
9545
9545
9545
9546
9546
9546
9546
9546
9546
9546
9546
9546
9546
9547
9546
9546
9546
9546
9546
9545
9545
9545
9545
9546
9546
9545
9545
9545
9546
9545
9546
9545
9545
9545
9545
9545
9545
9545
9544
9545
9545
9545
9545
9545
9545
9545
9545
9545
9545
9545
9545
9545
9545
9546
9545
9545
9545
9545
9545
9545
9545
9545
9545
9545
9545
9545
9545
9546
9546
9546
9545
9545
9545
9545
9545
9545
9545
9545
9545
9545
9545
9545
9545
9545
9545
9545
9546
9546
9546
9546
9546
9546
9546
9546
9546
9546
9546
9546
9546
9546
9546
9546
9546
9546
9546
9545
9545
9545
9545
9545
9545
9545
9546
9546
9546
9546
9546
9546
9546
9545
9545
9545
9546
9546
9545
9545
9545
9545
9545
9545
9545
9546
9546
9546
9546
9546
9545
9546
9545
9545
9545
9545
9545
9545
9545
9546
9546
9545
9546
9546
9546
9546
9546
9546
9547
9546
9545
9545
9546
9546
9546
9546
9546
9546
9546
9546
9546
9546
9546
9546
9546
9545
9546
9546
9546
9546
9545
9545
9545
9545
9545
9546
9545
9545
9546
9546
9545
9545
9545
9545
9545
9545
9545
9545
9545
9545
9545
9545
9545
9545
9545
9545
9545
9545
9545
9545
9545
9545
9546
9546
9545
9545
9545
9545
9545
9545
9545
9545
9545
9545
9545
9546
9545
9545
9545
9545
9545
9545
9545
9545
9545
9545
9545
9545
9545
9545
9545
9545
9545
9545
9545
9545
9545
9545
9545
9545
9545
9545
9546
9545
9545
9545
9545
9545
9545
9545
9545
9545
9546
9546
9546
9545
9545
9545
9545
9545
9545
9545
9545
9545
9546
9545
9545
9546
9546
9546
9546
9546
9546
9546
9545
9545
9545
9545
9545
9545
9545
9546
9546
9546
9546
9546
9546
9546
9545
9545
9546
9545
9546
9546
9546
9545
9546
9546
9545
9545
9545
9545
9545
9546
9545
9546
9545
9545
9545
9545
9545
9545
9545
9545
9545
9545
9545
9544
9545
9545
9545
9545
9545
9545
9544
9545
9545
9545
9545
9545
9545
9544
9545
9545
9545
9546
9545
9545
9545
9545
9545
9545
9545
9545
9545
9545
9545
9545
9545
9545
9545
9546
9545
9545
9545
9545
9545
9544
9544
9544
9544
9545
9545
9545
9545
9545
9545
9545
9545
9545
9545
9545
9545
9545
9545
9544
9544
9544
9544
9544
9544
9544
9544
9544
9544
9544
9544
9544
9544
9544
9544
9545
9545
9545
9544
9544
9544
9544
9544
9544
9544
9544
9545
9545
9544
9544
9544
9545
9545
9545
9545
9545
9545
9545
9545
9545
9545
9545
9545
9545
9545
9545
9545
9545
9545
9545
9545
9545
9545
9545
9545
9545
9545
9545
9545
9546
9545
9545
9545
9545
9545
9545
9545
9545
9544
9544
9544
9544
9544
9544
9545
9545
9545
9545
9544
9545
9545
9546
9546
9545
9545
9545
9545
9544
9544
9545
9544
9545
9545
9545
9544
9545
9545
9545
9545
9545
9545
9545
9545
9546
9546
9546
9546
9545
9545
9545
9545
9545
9545
9545
9545
9545
9545
9545
9545
9545
9545
9545
9545
9545
9545
9544
9544
9544
9544
9545
9544
9544
9544
9544
9544
9544
9545
9545
9545
9545
9545
9545
9545
9545
9544
9545
9545
9545
9545
9545
9545
9545
9545
9545
9545
9545
9545
9545
9545
9545
9545
9545
9545
9545
9545
9545
9544
9545
9545
9545
9545
9545
9545
9545
9545
9545
9545
9545
9545
9545
9545
9545
9545
9545
9545
9545
9545
9545
9545
9545
9545
9545
9545
9546
9546
9546
9546
9546
9546
9545
9546
9546
9546
9546
9545
9545
9545
9545
9546
9546
9545
9546
9546
9546
9545
9545
9545
9545
9545
9545
9545
9545
9545
9545
9545
9546
9546
9545
9545
9545
9545
9545
9545
9545
9544
9545
9545
9545
9544
9544
9544
9544
9544
9544
9545
9545
9544
9545
9545
9545
9545
9545
9544
9544
9544
9545
9545
9545
9545
9545
9545
9545
9545
9545
9545
9545
9545
9545
9545
9545
9545
9544
9545
9544
9544
9544
9544
9545
9544
9544
9545
9545
9544
9544
9544
9544
9545
9544
9545
9545
9545
9545
9545
9544
9545
9545
9544
9545
9545
9544
9544
9545
9545
9545
9544
9545
9545
9544
9545
9544
9544
9544
9544
9544
9544
9544
9543
9544
9544
9544
9544
9544
9545
9545
9545
9545
9545
9545
9545
9545
9545
9544
9545
9545
9545
9545
9545
9545
9545
9545
9545
9546
9545
9545
9545
9545
9545
9545
9545
9545
9545
9545
9545
9545
9545
9545
9545
9545
9546
9545
9545
9545
9545
9544
9545
9545
9545
9545
9545
9545
9545
9545
9545
9545
9545
9545
9545
9545
9546
9546
9545
9546
9546
9546
9546
9546
9546
9545
9545
9545
9545
9545
9545
9545
9545
9546
9546
9545
9545
9545
9545
9545
9545
9545
9545
9545
9545
9545
9545
9545
9544
9544
9545
9544
9545
9544
9545
9545
9545
9545
9545
9545
9545
9545
9545
9545
9544
9545
9544
9545
9545
9545
9544
9545
9545
9544
9545
9544
9545
9545
9545
9545
9545
9545
9545
9545
9545
9545
9545
9545
9545
9545
9545
9545
9545
9545
9545
9545
9545
9545
9545
9545
9545
9545
9545
9545
9545
9545
9545
9545
9545
9545
9545
9545
9545
9544
9544
9544
9544
9544
9544
9545
9545
9545
9545
9545
9545
9545
9545
9545
9545
9545
9545
9545
9545
9545
9545
9545
9545
9545
9545
9545
9545
9544
9544
9544
9544
9544
9544
9544
9544
9544
9544
9544
9545
9545
9544
9544
9544
9544
9544
9544
9544
9544
9544
9544
9545
9545
9545
9545
9545
9545
9545
9545
9545
9545
9545
9545
9545
9545
9544
9544
9544
9545
9545
9545
9544
9545
9545
9545
9545
9545
9545
9545
9545
9545
9544
9545
9545
9544
9544
9544
9544
9544
9544
9544
9544
9545
9544
9544
9544
9544
9545
9545
9545
9546
9545
9545
9544
9545
9544
9545
9545
9545
9545
9544
9544
9544
9544
9545
9545
9545
9545
9544
9544
9544
9544
9545
9545
9545
9545
9545
9544
9544
9544
9545
9545
9545
9545
9545
9545
9545
9544
9545
9544
9544
9544
9544
9544
9544
9545
9545
9545
9545
9544
9544
9545
9545
9545
9545
9544
9544
9544
9544
9545
9544
9545
9544
9544
9544
9544
9544
9544
9544
9544
9545
9544
9544
9544
9543
9544
9544
9544
9544
9544
9544
9544
9543
9544
9544
9544
9544
9544
9544
9544
9544
9544
9544
9544
9544
9545
9545
9545
9545
9545
9544
9544
9544
9544
9544
9545
9545
9545
9545
9545
9545
9545
9545
9545
9544
9544
9544
9544
9544
9544
9544
9544
9544
9544
9545
9545
9545
9545
9545
9545
9545
9545
9545
9544
9545
9544
9544
9545
9545
9545
9544
9544
9544
9544
9544
9544
9545
9545
9545
9545
9545
9544
9545
9544
9544
9545
9545
9544
9544
9544
9544
9544
9544
9544
9545
9545
9545
9545
9545
9544
9544
9544
9544
9544
9544
9544
9544
9544
9544
9544
9545
9545
9545
9544
9544
9544
9544
9544
9544
9544
9544
9544
9545
9545
9545
9544
9544
9545
9545
9544
9544
9545
9545
9544
9544
9543
9543
9544
9544
9544
9544
9544
9544
9544
9544
9545
9545
9544
9545
9545
9545
9544
9544
9544
9544
9544
9544
9544
9545
9544
9544
9544
9544
9544
9544
9544
9544
9544
9545
9545
9544
9544
9545
9545
9545
9545
9545
9544
9544
9544
9544
9545
9544
9544
9544
9544
9544
9544
9544
9544
9544
9545
9545
9544
9544
9544
9544
9545
9544
9544
9545
9545
9545
9545
9545
9545
9545
9545
9545
9545
9545
9545
9546
9545
9545
9545
9545
9545
9545
9545
9545
9545
9545
9544
9545
9544
9545
9544
9544
9544
9544
9544
9544
9544
9544
9544
9544
9545
9544
9544
9543
9544
9544
9544
9544
9544
9544
9544
9544
9544
9545
9545
9544
9544
9544
9544
9544
9544
9544
9544
9544
9544
9544
9544
9544
9544
9543
9544
9544
9544
9544
9544
9544
9544
9543
9544
9544
9544
9544
9544
9544
9544
9544
9544
9544
9544
9544
9545
9544
9544
9544
9544
9544
9544
9544
9544
9544
9544
9544
9544
9545
9544
9544
9544
9544
9544
9543
9544
9544
9544
9544
9544
9544
9544
9544
9544
9545
9544
9545
9545
9544
9544
9544
9544
9544
9544
9544
9544
9544
9544
9544
9544
9544
9545
9544
9544
9545
9544
9544
9544
9544
9544
9544
9544
9544
9544
9544
9544
9544
9544
9544
9544
9544
9544
9544
9544
9544
9544
9544
9544
9545
9545
9545
9545
9545
9545
9545
9544
9544
9545
9544
9545
9545
9544
9544
9544
9545
9545
9545
9544
9544
9544
9544
9544
9545
9544
9545
9545
9545
9545
9545
9545
9545
9544
9544
9544
9544
9544
9544
9545
9544
9545
9545
9545
9545
9545
9545
9545
9545
9545
9545
9545
9545
9545
9544
9544
9544
9544
9545
9544
9544
9544
9544
9545
9545
9544
9544
9544
9544
9544
9544
9545
9545
9545
9545
9545
9545
9545
9545
9545
9545
9545
9545
9545
9545
9545
9545
9545
9545
9544
9545
9545
9545
9545
9545
9545
9545
9545
9544
9544
9544
9545
9545
9545
9545
9544
9544
9544
9544
9544
9545
9545
9545
9545
9545
9544
9544
9544
9545
9545
9545
9546
9545
9545
9546
9546
9546
9546
9545
9545
9545
9545
9545
9545
9545
9545
9544
9544
9544
9544
9544
9544
9544
9544
9544
9544
9544
9544
9544
9544
9544
9544
9544
9544
9544
9544
9544
9544
9544
9544
9544
9544
9544
9544
9544
9544
9544
9544
9544
9544
9544
9544
9544
9544
9544
9544
9544
9544
9544
9544
9544
9544
9544
9544
9544
9543
9544
9544
9544
9543
9543
9543
9543
9543
9543
9544
9544
9544
9543
9544
9543
9543
9543
9543
9543
9543
9543
9543
9543
9543
9543
9543
9543
9543
9544
9544
9544
9544
9543
9543
9543
9543
9543
9544
9544
9544
9544
9544
9543
9544
9543
9544
9544
9544
9545
9544
9545
9545
9544
9544
9544
9544
9544
9544
9544
9544
9544
9544
9544
9544
9544
9544
9544
9543
9543
9543
9543
9543
9543
9544
9544
9543
9543
9543
9544
9544
9543
9544
9544
9544
9544
9544
9544
9544
9543
9543
9544
9544
9544
9544
9543
9543
9543
9543
9544
9544
9544
9544
9544
9544
9544
9544
9544
9544
9544
9543
9544
9544
9544
9544
9544
9544
9544
9544
9545
9545
9545
9545
9545
9545
9545
9545
9544
9544
9544
9544
9545
9545
9544
9544
9544
9545
9545
9545
9545
9545
9544
9544
9544
9544
9544
9544
9544
9544
9544
9544
9544
9543
9543
9544
9544
9544
9544
9544
9544
9544
9544
9544
9544
9544
9544
9544
9544
9544
9544
9545
9545
9545
9545
9545
9544
9544
9544
9544
9544
9544
9544
9544
9543
9543
9543
9543
9544
9544
9544
9544
9544
9544
9544
9544
9544
9544
9544
9544
9544
9544
9544
9544
9544
9544
9544
9544
9544
9544
9544
9544
9543
9543
9543
9544
9544
9544
9544
9544
9544
9544
9544
9544
9544
9543
9543
9544
9544
9543
9544
9543
9543
9543
9543
9543
9543
9543
9543
9543
9543
9544
9544
9544
9543
9544
9544
9544
9545
9545
9544
9544
9544
9544
9544
9544
9544
9544
9544
9544
9544
9544
9544
9544
9544
9544
9544
9544
9544
9544
9544
9544
9544
9544
9544
9544
9544
9544
9544
9544
9544
9544
9544
9544
9544
9544
9544
9544
9544
9544
9544
9544
9544
9544
9544
9544
9545
9544
9544
9545
9545
9544
9544
9544
9544
9544
9544
9544
9543
9544
9543
9544
9543
9544
9544
9543
9544
9544
9544
9543
9543
9544
9544
9544
9544
9544
9544
9544
9544
9544
9544
9544
9544
9544
9544
9544
9544
9543
9543
9543
9543
9543
9544
9543
9544
9543
9544
9543
9543
9543
9543
9543
9543
9544
9544
9544
9544
9544
9543
9544
9544
9543
9543
9543
9543
9544
9544
9543
9543
9544
9544
9543
9544
9544
9543
9543
9543
9544
9544
9543
9544
9544
9543
9544
9543
9544
9544
9544
9544
9544
9544
9544
9545
9545
9544
9544
9544
9544
9544
9544
9544
9545
9545
9544
9544
9544
9544
9544
9544
9544
9544
9544
9544
9543
9544
9544
9544
9545
9544
9544
9544
9544
9544
9544
9544
9544
9543
9544
9543
9543
9543
9543
9543
9544
9544
9544
9544
9544
9544
9543
9543
9543
9543
9543
9543
9543
9544
9543
9543
9543
9543
9543
9543
9543
9543
9543
9543
9543
9544
9543
9544
9543
9544
9544
9543
9544
9544
9544
9544
9544
9544
9544
9544
9544
9544
9544
9544
9543
9543
9543
9543
9543
9543
9543
9543
9543
9543
9543
9543
9543
9543
9543
9544
9544
9544
9544
9544
9544
9544
9544
9543
9544
9544
9544
9543
9543
9543
9544
9543
9543
9543
9543
9543
9544
9544
9543
9543
9543
9543
9543
9543
9543
9543
9543
9543
9543
9543
9543
9543
9543
9543
9543
9543
9543
9543
9543
9543
9543
9543
9543
9543
9543
9543
9543
9543
9543
9544
9544
9544
9544
9544
9544
9544
9544
9544
9544
9544
9544
9544
9544
9543
9544
9544
9544
9544
9544
9544
9544
9544
9545
9544
9544
9544
9544
9544
9544
9544
9544
9544
9543
9543
9543
9543
9543
9543
9543
9544
9544
9544
9544
9543
9543
9544
9544
9543
9544
9544
9544
9544
9544
9543
9543
9544
9543
9544
9544
9544
9544
9544
9544
9543
9544
9543
9544
9544
9544
9543
9543
9543
9543
9544
9543
9543
9544
9543
9544
9544
9544
9544
9544
9544
9544
9544
9544
9545
9545
9545
9544
9544
9544
9544
9544
9544
9544
9544
9544
9544
9544
9544
9544
9544
9543
9543
9543
9544
9544
9544
9543
9543
9543
9543
9543
9543
9543
9543
9543
9543
9543
9543
9543
9543
9543
9543
9544
9544
9544
9543
9544
9544
9544
9543
9543
9543
9543
9543
9544
9544
9544
9544
9544
9544
9544
9544
9544
9544
9544
9544
9543
9544
9543
9544
9544
9544
9543
9543
9543
9543
9544
9544
9544
9544
9544
9545
9545
9544
9544
9543
9543
9544
9544
9544
9544
9545
9545
9544
9544
9544
9544
9544
9544
9543
9544
9544
9544
9544
9543
9543
9543
9544
9543
9543
9543
9543
9543
9543
9543
9543
9544
9544
9544
9543
9544
9543
9543
9543
9543
9544
9544
9544
9544
9544
9544
9543
9544
9544
9544
9543
9543
9543
9543
9543
9543
9543
9543
9543
9543
9543
9543
9543
9543
9543
9544
9543
9543
9543
9543
9543
9543
9543
9543
9544
9543
9543
9543
9543
9543
9543
9542
9542
9542
9543
9543
9543
9542
9543
9543
9543
9544
9544
9544
9544
9544
9544
9543
9543
9543
9544
9543
9543
9543
9544
9543
9544
9544
9543
9543
9543
9544
9543
9543
9543
9542
9543
9542
9542
9543
9542
9542
9543
9543
9543
9543
9543
9543
9543
9543
9543
9543
9543
9543
9543
9543
9544
9543
9543
9544
9544
9544
9544
9543
9543
9543
9543
9543
9544
9543
9544
9544
9544
9544
9544
9543
9543
9543
9543
9543
9543
9543
9543
9543
9543
9543
9543
9543
9543
9543
9543
9544
9544
9544
9543
9543
9543
9543
9544
9543
9544
9544
9544
9544
9543
9543
9543
9543
9544
9544
9544
9543
9544
9544
9543
9543
9543
9543
9543
9543
9543
9543
9543
9543
9543
9543
9542
9543
9543
9543
9542
9543
9543
9543
9542
9543
9542
9542
9543
9543
9543
9543
9543
9543
9543
9543
9543
9543
9543
9543
9543
9543
9543
9543
9543
9543
9543
9543
9543
9543
9543
9543
9544
9544
9544
9544
9544
9543
9543
9543
9543
9543
9543
9543
9543
9543
9543
9543
9543
9544
9544
9544
9544
9544
9544
9544
9545
9544
9544
9544
9544
9544
9543
9543
9543
9543
9543
9543
9543
9543
9543
9543
9543
9543
9543
9543
9543
9543
9544
9543
9543
9544
9544
9543
9543
9543
9543
9543
9543
9543
9543
9543
9543
9543
9543
9543
9544
9544
9544
9544
9544
9544
9544
9544
9544
9544
9544
9543
9543
9543
9543
9544
9544
9544
9544
9544
9544
9544
9544
9544
9544
9544
9544
9544
9544
9544
9544
9544
9544
9544
9544
9544
9544
9543
9543
9543
9543
9543
9543
9544
9543
9544
9543
9543
9543
9543
9543
9543
9543
9543
9544
9544
9544
9544
9544
9544
9543
9543
9543
9544
9544
9544
9544
9543
9543
9544
9543
9544
9544
9544
9543
9543
9543
9543
9543
9543
9543
9543
9543
9543
9543
9543
9543
9543
9543
9543
9543
9543
9543
9543
9544
9543
9544
9544
9544
9543
9544
9543
9543
9543
9543
9543
9544
9543
9544
9544
9543
9543
9544
9543
9544
9544
9543
9543
9543
9544
9544
9543
9543
9543
9543
9543
9543
9543
9543
9543
9543
9543
9543
9543
9543
9543
9543
9544
9544
9543
9544
9543
9544
9544
9544
9544
9544
9544
9543
9543
9543
9543
9543
9542
9543
9543
9543
9543
9543
9543
9543
9543
9543
9543
9543
9543
9543
9543
9543
9543
9543
9542
9543
9543
9543
9543
9543
9543
9543
9543
9543
9543
9544
9543
9543
9543
9543
9543
9544
9543
9543
9543
9543
9543
9543
9543
9543
9543
9543
9542
9542
9542
9542
9542
9542
9542
9542
9542
9543
9542
9543
9542
9543
9543
9543
9543
9543
9543
9543
9543
9543
9543
9542
9542
9543
9542
9543
9543
9543
9543
9543
9543
9543
9543
9543
9543
9544
9543
9543
9543
9543
9543
9543
9544
9543
9543
9543
9543
9543
9544
9543
9543
9543
9543
9543
9543
9543
9543
9543
9543
9543
9543
9543
9543
9543
9542
9542
9542
9542
9543
9542
9542
9542
9543
9543
9543
9543
9543
9542
9542
9542
9542
9542
9542
9542
9542
9542
9543
9542
9542
9542
9542
9543
9543
9542
9543
9543
9543
9543
9542
9542
9542
9542
9542
9542
9543
9543
9543
9543
9542
9542
9542
9542
9543
9543
9543
9543
9543
9543
9543
9544
9544
9543
9543
9543
9543
9544
9544
9544
9544
9543
9543
9543
9543
9543
9543
9543
9543
9543
9543
9543
9543
9543
9543
9543
9543
9543
9543
9543
9543
9543
9543
9543
9543
9543
9543
9542
9543
9543
9543
9543
9543
9543
9543
9543
9543
9543
9543
9543
9544
9543
9543
9543
9543
9543
9543
9542
9543
9542
9542
9542
9542
9542
9542
9542
9542
9543
9543
9543
9543
9543
9543
9543
9542
9542
9542
9542
9542
9542
9542
9542
9542
9543
9543
9543
9542
9542
9542
9542
9542
9542
9543
9543
9543
9543
9544
9543
9543
9543
9543
9543
9543
9543
9543
9543
9543
9543
9542
9543
9542
9542
9542
9543
9542
9542
9543
9542
9543
9543
9543
9543
9543
9543
9543
9543
9543
9543
9543
9543
9542
9542
9543
9543
9543
9543
9543
9543
9543
9543
9543
9543
9542
9543
9542
9543
9543
9543
9544
9544
9544
9544
9543
9543
9543
9542
9543
9543
9543
9543
9543
9543
9543
9542
9542
9543
9543
9543
9543
9543
9543
9543
9542
9542
9542
9543
9543
9543
9543
9543
9542
9542
9543
9542
9543
9543
9542
9543
9542
9543
9543
9542
9542
9543
9542
9542
9542
9542
9542
9542
9542
9542
9542
9542
9543
9543
9543
9543
9543
9543
9543
9543
9543
9543
9544
9543
9543
9543
9543
9543
9543
9543
9543
9543
9543
9543
9543
9543
9543
9543
9543
9543
9543
9543
9544
9543
9543
9543
9543
9543
9543
9543
9543
9543
9543
9543
9543
9543
9543
9543
9543
9543
9543
9544
9543
9544
9543
9543
9543
9543
9543
9543
9543
9543
9543
9543
9543
9543
9543
9543
9543
9543
9543
9543
9543
9543
9543
9543
9543
9543
9543
9543
9543
9543
9542
9542
9542
9542
9542
9543
9542
9542
9542
9542
9543
9542
9542
9542
9543
9543
9543
9543
9543
9543
9543
9543
9543
9543
9543
9544
9544
9544
9544
9543
9543
9543
9543
9543
9543
9543
9543
9543
9543
9543
9543
9542
9542
9542
9543
9542
9542
9542
9542
9542
9542
9542
9542
9542
9542
9542
9542
9542
9542
9542
9542
9543
9543
9543
9543
9543
9543
9543
9543
9543
9543
9543
9543
9542
9542
9542
9542
9542
9542
9542
9542
9542
9542
9542
9542
9542
9542
9542
9542
9542
31013
60390
60022
59692
59380
58735
58091
57572
57060
56549
55986
55449
54767
53872
58291
58030
57774
57533
57292
57050
56811
56571
56331
56028
55997
55911
55722
55537
55352
55203
55043
54859
54706
54535
54513
54513
54513
54513
54512
54512
54512
54513
54513
54513
54493
54343
54192
54017
53855
53736
53613
49021
49020
43784
41748
53608
61410
